223
5027 18
57850 25881 72536 15100 63072 75976 37550 64867 60255 46165 27443 35880 72350 14298 91092 50790 65012 65497
8399 19
42261 93544 5031 18280 21745 67297 23188 32104 65104 8027 9121 18123 3690 30493 57699 54988 55454 52293 61108
7811 14
42205 97480 55423 41145 84061 67678 3102 94296 11609 72006 11508 7365 41491 94271
2814 18
4714 75402 22991 93208 83548 62396 18453 84808 37988 26207 52920 72773 32172 55977 78476 50954 1525 34741
5849 19
2889 19152 45274 99523 80951 45652 45671 1608 89578 97553 15950 11766 13806 44926 15196 80858 75944 49834 79817
7786 18
28405 49193 95619 54098 98713 25158 79747 76788 58615 1248 39415 38905 53760 15505 30416 41312 35502 17896
1204 20
85773 88684 86720 97140 27545 91388 64777 62670 12557 78355 31487 691 79823 6582 58673 29562 11271 11677 50420 54349
6220 16
25879 59045 45900 2230 57233 87515 87369 21003 88082 77942 32398 13307 85771 3377 68385 70713
9733 16
77857 48043 58337 25678 73503 55530 38374 58005 16989 46377 14939 52738 55543 39173 4715 90923
6675 10
75116 76543 73512 91404 48196 5734 60941 19032 21393 71736
6419 15
69880 29364 13520 17949 47132 16924 97907 42366 20467 52779 7058 14808 83541 42744 81337
1031 15
94385 94560 26976 93725 77389 39289 80848 25195 72693 55790 34293 70788 56018 51452 80219
9363 11
95694 27464 3982 49551 8519 78769 28712 14937 65275 60809 34078
6796 17
80771 62000 75142 35025 55624 12280 77659 88961 84836 42679 62617 44539 81923 42684 87322 87744 95671
6764 14
42579 51026 11580 30909 81978 51238 91620 71966 37633 86311 30996 54090 2025 68880
5054 13
97001 30972 64575 69377 79481 89124 28601 41702 78592 26614 42982 35260 29922
6842 16
65888 11608 65200 35632 42957 11350 44677 31369 61699 94508 94257 99035 40792 59757 23830 81089
5602 10
4331 6018 74294 87235 17113 54896 23012 2343 43815 52315
9374 20
30444 87606 77903 62463 34342 45628 71447 32142 84389 58252 67873 98866 74641 53404 27405 78977 18321 68468 39695 64258
3850 15
50569 79790 87102 53800 96631 10643 52595 85847 29979 43939 77695 58809 86590 93228 18083
9925 19
11544 98421 1368 32290 67971 18840 61658 39401 52043 76086 65805 11784 67164 91552 79183 68727 9491 59648 75380
6460 14
56789 62933 89643 48929 11289 38060 92973 66428 11041 42828 21389 953 54437 70905
6644 20
34688 32722 79918 39066 43182 59710 5281 47332 62465 73905 89990 91504 2164 60249 67532 87633 10816 34217 52990 35676
80 17
22662 17457 96007 67483 96285 94117 81956 92650 5458 46553 37356 37071 13772 80494 46439 95825 12030
8746 13
1829 88860 21755 50308 64900 34502 15660 60597 18958 54434 76894 91568 48171
8131 17
30581 50100 76813 34225 23495 32274 64697 29546 30267 28347 95952 81776 58070 92067 16194 35514 12405
3876 16
96222 41615 60734 48541 35264 80512 61376 82329 61517 30773 39365 39322 32338 8714 83254 68830
6224 15
88865 56907 29149 27734 16667 81674 54182 83248 29991 47338 14464 34784 99486 59495 54759
2397 11
43556 48180 9794 10044 25603 36450 96765 71082 93063 5590 18092
7941 20
1674 67088 65329 34063 44955 36385 47764 82698 8456 6872 67659 16769 90872 81097 12230 25652 69892 77768 10441 31941
5990 14
46525 24689 63765 70341 27750 27051 55817 24991 8844 17515 72817 71709 57778 35951
3281 12
62089 31111 25349 87524 51293 61555 72335 34566 32534 64347 57830 74446
9922 15
64093 39709 94147 47545 47451 82790 25632 57338 56391 12820 77306 53726 94940 5847 23760
1509 18
98246 37944 20537 36040 94950 13150 3242 6085 2606 78133 2957 54863 80185 63343 87374 61145 20019 15457
3771 15
88728 61793 84474 91814 36790 25515 68262 50067 29084 76040 17287 52795 890 82940 37818
6376 17
37855 13562 35278 30201 18111 90647 18011 76000 64170 48362 42351 13501 85245 98150 1766 22087 59318
7263 16
25790 44107 68232 8639 98195 41090 45843 29885 37782 19992 6115 84086 63375 38297 24332 1545
7399 15
15985 39718 76526 99569 24829 19932 5672 58300 86461 12766 62444 90869 2243 23239 28260
9655 20
15376 83965 7165 4082 61251 42456 5292 98296 5944 729 55741 39298 33270 93696 70360 71926 79034 67826 8161 84734
5143 14
97316 10096 53407 36913 26250 84398 69451 25367 69602 12125 59519 62203 5084 25487
110 14
58343 7453 89159 88693 58432 60416 56354 12100 58455 73627 55957 18543 34514 18974
744 19
44928 89986 48801 82185 94161 15353 46198 49069 98329 64813 25780 85983 27823 31502 89879 58535 87698 1518 26319
6638 15
6 80789 16504 27941 88692 46440 96061 39403 86499 26000 95207 65072 65605 68153 22932
7497 16
14803 71391 69808 9135 92768 7073 62274 90886 74228 57043 22867 53105 50765 36818 99083 27131
426 11
89569 98210 44266 48728 6427 47318 34598 63707 69733 5242 49744
5454 13
91084 36934 75857 32010 7704 56877 39397 86897 34232 66039 33007 34039 85742
8555 15
85045 63593 59014 38544 73378 76053 32431 27535 95107 6921 95641 91115 69085 88721 17442
9271 16
28657 2463 5575 32137 80621 44775 99000 16536 87841 64203 54839 29822 59506 54276 49467 19680
5178 16
26679 48824 59849 63973 74438 37970 27044 707 29370 71112 99161 83655 60529 67140 35888 71421
6427 18
52416 27721 51994 93618 58856 10875 29195 48473 2848 19349 19623 74901 57032 8433 83845 434 62995 25164
9278 11
2669 56326 92367 69687 44537 79787 1002 41578 53314 92821 79019
6143 10
31317 85209 30869 13865 92125 5386 9630 80557 7701 24134
9639 11
84409 29352 93275 80294 44257 93788 39663 74876 81300 99034 51609
7883 14
75401 20327 78163 80187 77707 76990 53444 57221 76537 73456 38415 12035 12039 7934
2768 18
53675 84541 49566 7299 5309 60395 33128 84583 36657 69662 53711 48220 52836 55168 33740 96349 97503 76538
7164 19
93598 22616 92743 11034 26683 88532 89788 15824 59655 11250 16300 32675 1126 11969 1665 51927 4667 46932 43695
4820 12
76438 7553 33462 59744 47110 16363 98860 41889 51353 23528 34392 44794
7016 14
31927 43685 1523 45016 44405 11730 95201 37664 35782 59518 90847 65889 62317 32446
3754 11
82099 346 51069 2388 30855 63114 12337 47776 34639 8201 46016
2523 11
1014 75088 15035 99834 92359 70620 86536 22995 95480 51193 95160
1794 16
40607 42181 80647 99073 14501 77810 87667 86336 56137 28541 58144 82367 69216 8223 16541 31082
6190 17
43133 9720 17731 53198 35071 75162 42042 22133 84153 54830 51115 44847 92110 64743 56003 79259 61196
5189 15
30208 1242 95612 43429 56155 91292 50556 3584 93088 22378 51626 41698 54007 27034 6858
9907 12
69750 24346 9982 92934 83400 13976 17966 12893 78210 33879 15926 80521
4661 14
10589 17597 3276 13396 21867 24216 84872 429 81821 72713 81257 42756 51616 97597
5712 10
77170 65409 23199 38714 57198 79116 26306 3449 5529 32655
8174 17
21511 77403 89563 86736 28054 31207 609 70524 25361 61041 70808 13926 52739 17294 1372 16501 96761
8116 13
56460 43837 54000 78616 97657 63772 67162 40187 19042 7364 62148 65575 88078
1559 13
49428 57844 13735 48838 32310 44809 51878 90715 94008 83093 21448 91615 52328
1815 20
53452 66241 52911 32932 93261 77584 62223 72742 7803 11472 19271 73409 39778 46231 96408 11558 36287 72567 21898 20432
156 11
36043 13469 73296 65197 54977 46885 42859 1251 47307 15885 20438
9518 10
78987 64603 949 3630 87891 95052 55467 46602 68251 1228
4823 18
88339 6111 1141 72005 30191 46223 15820 39929 73855 24789 78469 77519 9572 40726 64066 75209 91942 43848
7500 10
48307 31745 25851 76449 55 33376 88140 57236 14282 62579
1587 17
92483 62849 28079 32324 70705 51741 94412 14232 58081 41283 45594 60721 12880 11356 24065 48070 54053
9613 16
67630 14945 20025 97823 32315 48896 81608 52099 58365 79775 92883 1287 32738 37744 71390 69480
1326 14
30586 87722 14503 71331 5732 69433 33527 14308 32084 14261 51792 47221 12198 6032
5455 11
3380 94873 88294 89679 19800 82958 47354 18672 3622 54939 32377
2984 18
65932 36968 99933 2953 63935 74210 911 71432 71546 1455 77802 20223 59464 17016 15268 37544 98914 52854
4464 10
48372 35018 84420 83456 82991 99596 42507 60055 62752 41837
2161 13
11177 35535 77726 33316 79403 85231 54735 42313 8541 29731 90603 60933 27813
7830 13
43505 66809 85147 77190 64497 52375 50132 7133 41142 89960 21907 83384 34488
3789 16
71122 73852 53285 48862 30901 82154 45646 77938 27403 69525 37611 79984 59906 43157 81602 13828
9918 10
47523 61821 71772 49584 83949 27484 79933 14457 63551 31825
3507 10
1983 39656 38983 55491 45935 49256 90321 28944 78255 12840
9689 14
92443 24717 99039 52173 57232 41822 20901 99959 16618 25065 99017 26460 82941 52717
8228 19
83349 64359 9793 6329 16412 95529 88239 71316 36546 80453 48211 30958 85326 19384 53566 701 48280 93087 28481
6758 16
75931 20052 51129 51240 85943 9383 14468 71755 68806 84390 47767 12588 98021 70458 76748 37924
4999 15
3529 25132 59392 27062 41032 63292 72422 97846 86410 77972 6507 71981 84856 95600 81339
6313 11
43265 31659 55835 93797 71033 87162 82829 11942 28797 67578 40845
2101 11
5001 20098 44210 41469 44590 3346 97253 80651 29310 86929 8453
9522 17
30634 85832 21616 56013 48867 51413 31309 19115 83357 94681 87099 15853 740 35840 255 51777 72021
5633 11
38906 26393 93510 92242 8991 37377 4807 57891 93264 30048 18444
9380 18
97230 5060 78686 33846 98664 4739 78823 54190 63499 28411 54287 27316 35391 96022 50299 20639 33701 59545
5465 12
32846 7394 98642 35703 61574 51954 78779 93477 15842 71758 19351 96489
6193 20
14845 39912 86553 46958 60882 3566 36402 35872 91125 30943 9104 75383 99532 81647 90838 5896 80380 6591 8650 48885
2594 17
92750 23065 97721 48371 85907 29350 7239 42814 54006 28353 38214 80340 49575 28229 11646 94937 12448
9434 15
8726 66414 63225 80525 70726 10734 8982 99690 33538 57968 15452 85260 97272 37658 67112
7446 19
15934 50163 97995 17305 78241 33041 48142 61623 33146 8463 64516 77954 79840 99200 73511 4794 56033 32116 50113
4849 18
11028 61868 12943 21608 56882 81491 60333 86843 61887 27109 31753 60778 71897 87643 62410 36329 28718 38748
781 14
33512 8055 59111 18752 18138 84543 97393 92611 92357 52007 14270 97620 75196 32753
1591 16
64221 78440 86526 8661 61495 14030 71892 13584 81810 86512 74133 65482 93497 71619 48058 13743
7587 14
38121 21654 239 56530 1075 85638 27072 24183 93638 14583 44569 66068 75719 77770
1658 18
82603 27417 44846 7516 41362 61092 46412 54505 53409 76039 45556 60520 75040 82205 90179 46336 77913 28445
756 14
69229 20986 17310 37007 79224 64089 8258 79558 31448 74822 50042 2510 80021 75752
63 16
45240 93113 92940 63248 21716 23223 34920 77140 25008 25965 16242 33416 28879 88126 55968 30165
9978 13
74011 56180 55913 18542 76952 91524 33823 43088 88991 81895 95881 34257 8269
7311 17
69982 5593 39425 64217 89013 14559 73064 54613 91613 55262 66042 50312 70667 81420 59936 59852 23023
8273 20
790 59067 64349 60004 23976 65136 3893 74051 11081 29692 10161 75818 91664 11245 86396 84901 35136 74280 92926 9629
160 15
8044 90695 77017 71889 97339 95331 27664 12217 18127 91727 48510 41226 51145 25390 11618
3347 16
73956 39798 56624 46296 24924 67037 63417 79488 88907 86885 63909 73455 58386 18047 27081 42963
7343 13
90525 46001 31099 50309 80542 57678 23372 30079 40618 74988 60078 54622 40902
1772 12
45947 62166 72440 83306 69201 47115 79318 583 24234 32548 93622 3353
8858 16
99019 6962 17356 60132 42378 79921 65065 27458 32555 63679 88898 52613 9267 86450 1147 13232
6936 13
76346 10294 65691 49390 97649 52348 27082 90563 96110 52369 72602 9662 37013
3287 11
15295 64068 53392 36123 29533 56029 82783 42747 26785 35276 56994
2540 16
31212 86368 84851 65705 99683 73872 89034 37287 91855 7864 41233 55414 4729 39125 5507 94656
1289 13
84338 8194 26109 65644 28491 82041 21615 40089 64831 18339 26272 77624 462
4411 13
41736 8582 24141 92559 2758 63625 72159 40128 43652 26302 78071 17257 24844
1269 13
43551 83339 65460 16327 42034 31493 83487 7718 65737 84144 21019 88351 69219
4366 11
62660 27599 41502 34796 2664 37732 16980 34131 61858 75235 16532
240 20
95355 37891 76683 69742 14528 69382 73126 63303 72409 54767 76863 88217 43496 1622 21367 90766 55689 28567 15674 49892
9238 18
21048 33758 63043 40706 30030 36019 51149 52287 31605 6466 26691 64807 10327 28741 14918 91757 54214 34014
5384 10
4407 22206 86961 14597 89449 88270 27108 46098 33436 95070
4181 13
71708 19470 5253 31553 61235 46615 48364 2313 82460 1818 65146 97915 45836
1 19
30294 64718 22277 51943 75323 26185 43193 89494 81515 94334 4989 50324 54693 57868 36109 32904 4770 88985 13706
75 10
72551 22522 19632 92243 28878 28823 80304 45665 90752 65236
3704 12
58002 13513 9175 202 40215 6188 66035 49735 66330 72171 64555 39986
6803 15
39360 40443 48276 50896 2882 58221 81998 49134 98721 73284 41797 74191 7930 9862 12299
167 19
19274 45177 36303 456 35985 57990 82163 62572 3846 80055 72109 60871 81155 15259 28225 53815 91886 18981 9431
455 13
85922 2653 20397 17879 88520 29972 24888 44852 24306 88355 53599 92864 30519
3601 15
2893 41626 58526 61068 53978 17815 17497 21832 13673 65173 97746 50187 8387 28865 5876
8705 18
90488 36907 78570 38588 96302 92879 60599 32535 10597 95673 6164 76391 30052 24516 10174 90814 82756 96945
5057 18
69573 56288 20724 92737 37004 51615 56493 37723 54671 35107 52320 30101 98302 27485 26128 91836 27927 10394
6108 16
5385 48152 34591 15011 1917 93571 15997 10917 14324 67255 20812 48617 49984 76258 81214 91809
1348 16
90465 19371 10838 81953 13098 65834 73329 27379 53262 58518 41574 9142 90943 39422 55706 56091
2738 10
60345 29926 90672 99070 80013 87867 11467 85669 51020 79375
2870 12
56488 5573 14286 67332 79208 86167 1729 19484 18010 39970 59667 76625
3583 16
26736 70855 66245 47975 10296 88876 90911 3620 4142 4863 84632 53798 25809 68581 75039 70646
5943 11
66507 83145 39819 88466 74997 69178 40190 2013 77113 63764 56581
9345 10
72777 75371 48501 98084 86483 64601 77424 4515 69778 12103
7094 19
96503 1428 74424 77473 51750 64048 59037 75526 24734 80845 31213 1162 93398 79965 84941 23434 21472 64642 68226
7017 20
53743 56804 23908 67201 88873 99676 24393 59088 64645 11293 33816 15917 82204 91928 7207 68073 72638 41110 3454 91429
4926 13
90917 90302 45436 57497 96620 9542 35591 12837 28931 81021 38950 70534 80698
5276 16
84996 82306 40022 3326 53512 31414 52775 41651 10259 78357 28577 9055 94706 77590 98286 86806
2216 15
47008 38387 20608 40751 87901 27657 21268 77041 43240 68745 46499 74044 55253 21043 59547
4134 15
20179 83069 32660 92683 69349 29586 51236 50719 96714 99695 16676 97582 65192 31823 94628
4805 14
67811 13172 1476 32745 52601 98001 14871 9049 6392 20763 79290 67184 43419 96224
4667 10
91153 60890 17554 13365 71524 55608 90290 13143 10076 77300
9651 12
80924 70422 51900 61987 61051 83553 71824 3423 86310 91813 68410 98824
3409 14
91502 27045 42586 20305 42738 55157 6669 88710 70010 70374 57122 99267 22352 41200
3413 11
7166 46956 11789 14911 23259 93981 80404 44479 70750 56065 82597
4681 19
36866 72529 35887 50545 74041 55202 5920 76932 74710 20058 25106 88926 42506 26436 13242 81294 8956 9211 83177
9279 11
899 83034 44752 91244 24532 76171 9652 89798 7327 6564 8995
4396 12
98013 7531 96981 8219 19397 60104 4045 83628 46495 17702 74821 3587
5175 13
57263 15654 81030 6659 62499 31419 74994 70139 34740 886 12890 29872 51604
2365 12
88611 65862 11106 34759 97762 86580 59144 82901 90331 92877 711 58568
7425 16
18390 64851 33484 17080 48200 95960 47053 85593 69547 69471 68289 68031 15609 63853 44429 45753
3107 13
14090 31170 60096 3170 99365 45844 85372 32214 10605 45358 66297 12224 29417
893 17
42308 54840 66395 56596 30105 9114 4931 11179 84548 76865 62298 23869 70961 15894 46972 95123 92677
1359 20
43706 23124 38457 84048 92632 16416 68374 18984 1296 61514 3128 17115 79517 18195 76659 57453 15919 92916 90005 80642
568 15
85240 88944 62941 76486 77505 87500 26642 42223 45603 46855 69355 2369 36476 75920 31913
6671 15
98670 28793 44283 24213 6542 51409 79169 26968 12097 93712 83428 10627 56116 95983 69414
2537 13
64285 51082 83929 93270 29581 27730 95777 84262 67715 91004 46571 41602 16092
9706 12
34059 56148 37654 68751 86304 24397 97494 34909 90497 72876 50141 34532
4226 14
2834 90353 56731 30595 95204 17093 25358 50779 86653 45256 56416 62343 11735 13710
4619 19
80429 12259 89382 25887 86100 22578 64098 52279 59178 62220 39212 76960 78511 73466 35440 28954 19704 79752 38401
4951 20
47056 28703 60464 96872 94786 83976 81802 58531 99435 17051 17168 4648 9077 60946 68640 97325 80866 84586 54317 79988
5591 19
97283 14661 26456 58858 99839 83878 69509 81217 88878 8994 24683 50450 51549 96137 39808 52095 88136 61275 91090
8089 20
41762 94255 9116 33351 6358 76792 34919 25009 61881 31345 44812 68442 85408 45108 29833 80291 54984 68676 91715 81815
3468 18
41808 90099 10881 50882 96985 44711 37840 51407 12164 24981 96138 31240 4055 41755 64251 57213 76678 57966
7020 17
50381 18862 88410 99471 44705 41123 93291 49541 4781 8855 36960 49787 46044 46282 47260 20853 99369
7558 16
50669 15771 15352 10365 65987 16721 4395 39203 55276 31456 76618 77763 29185 44963 83924 60484
5864 17
15566 53152 21909 64865 68544 13095 17286 21317 92453 42196 8476 99285 43119 90621 59944 25414 80337
2210 15
72234 64725 83224 79013 68536 75192 4302 7007 13613 17811 2981 72104 62997 93881 44063
645 13
3243 98599 6448 19778 34872 29121 35601 26267 41048 55001 18510 47155 84181
4202 11
16901 7594 11355 90404 73500 98454 73563 67289 43360 47403 64627
2991 18
38343 44075 465 60312 11897 37044 35481 36568 37961 85266 90602 11800 3424 18985 69656 5604 82300 16259
8646 10
50189 57361 60771 31275 33556 38604 26370 61303 21037 83030
9634 16
29014 97701 97171 28571 69872 54392 21090 83442 68934 62828 81632 83243 59885 16027 85354 79410
3920 18
87203 72477 33631 77336 95120 57806 18120 51074 26426 27958 2540 71181 75727 19877 41913 19411 24777 40157
3928 19
67684 94388 15018 30902 49155 88388 81414 99984 98055 75480 41979 36372 79929 32229 11109 20790 1040 27612 45529
6676 11
32079 12465 95455 69006 90738 92198 65973 88551 26075 67199 19224
4557 20
13292 38929 73277 3355 89741 22731 13583 45528 73791 31542 13495 11372 96509 66989 6434 44225 43129 10722 75201 21060
4275 19
32042 47970 99148 93416 70417 2809 80800 4338 60857 98905 21220 86342 71821 46631 63686 95189 39744 80892 86091
4022 20
42356 8372 6158 77807 68940 90962 16987 92884 40856 29183 78996 86956 53440 43217 16473 64145 71920 33776 26964 83225
8085 15
4954 19725 79086 58823 24745 97376 75703 55989 66731 31991 87050 98690 21077 81805 75493
6087 13
88425 34806 31204 36889 28352 50673 21656 45974 87560 71733 32646 52097 41320
9574 17
32523 23994 65428 5934 58472 97499 58606 46276 78540 15704 30215 28041 99574 62810 10510 59397 47383
2264 10
94828 14017 38533 49431 37503 30429 50153 16590 72784 41707
765 20
3914 9582 32747 94373 60530 88755 75930 5981 88594 98221 56285 55065 11814 14281 55569 77002 38161 75525 43247 61130
6898 16
42588 41135 5914 21362 48988 68687 56252 46127 93921 19711 51119 18225 46833 19334 93878 10582
9056 16
49264 37668 79777 17195 1892 82141 52727 24992 71008 82214 36348 86630 4702 73808 25314 28585
7461 15
43512 6449 93578 14775 67333 85828 33883 10928 52921 57470 52605 96070 32557 75232 71691
6713 19
12685 3359 75223 83280 24935 48760 642 74996 18934 1414 25486 28885 85644 57314 53834 78296 3135 74229 29160
4685 13
10172 24016 82129 98036 10284 16720 21108 63983 36202 24005 55346 19813 59786
3962 12
74529 25172 97899 62747 83948 84159 20353 80896 65945 20584 57824 72827
4885 12
36063 91933 26796 97779 12033 89674 61518 50091 18196 76879 98602 40999
7573 17
20978 6561 13279 80551 91295 85017 909 39701 4037 49273 96080 58443 81282 99184 24875 62107 88245
9939 14
71248 2578 36622 57793 22615 2810 75717 70741 3656 97962 24064 279 46159 68487
7182 10
41668 74807 62502 12617 98545 850 36744 92262 29777 80094
6406 17
41978 25817 32998 87613 42781 70867 81601 89247 96439 55090 21305 12540 48354 22396 55427 17050 76417
4698 10
43172 36576 68061 47720 26893 40573 99487 1930 44149 49783
226 20
83398 7484 3913 41896 5523 90399 50448 81207 35050 42972 1954 20514 23681 47086 39376 32160 77675 45513 31614 3695
7837 11
55877 55348 75595 46134 9528 80659 90997 5283 2604 5264 56845
9975 14
12838 49879 71752 37935 47748 98346 20251 3270 41564 73261 84934 7047 75546 4637
4518 13
36700 62287 86071 72114 678 58567 81118 11641 18902 835 2404 20916 13817
9850 11
92769 51073 48557 49905 38706 334 94545 85252 37533 40658 47762
5363 10
39184 75503 92844 29280 14563 90379 90173 62759 38425 63099
8450 19
46318 12668 28983 48071 42454 24474 44254 28509 48365 52759 96231 25301 65968 74610 60389 32778 40969 14602 18541
2835 12
51487 27019 47502 62460 27272 88774 34649 67945 78827 16722 88145 87779
6698 20
29418 20552 61763 49808 14519 78589 78305 57357 76220 52944 48503 90165 78901 48694 93865 78708 48976 70031 16542 89391
2998 19
42006 16572 26729 12141 3616 87616 13822 31009 54540 14986 88364 95424 26160 94677 71448 59790 1070 41318 31381
8951 9
9708 76806 84563 41158 14094 6716 65174 42317 39877
918 13
67123 26806 26656 50606 86026 48558 92080 12247 76152 51025 49856 50540 3345
2290 11
57410 45834 63412 18380 27799 76693 34768 77933 42254 22727 80497
8362 15
75872 26994 96048 94150 34977 31108 70001 23360 86180 14623 29845 64817 49274 61682 82499
9391 11
17410 39802 13629 12673 37406 48957 72721 56590 48509 51622 67200
2900 12
42158 47321 28661 314 15207 63775 5624 51805 64218 71673 21725 8159
7438 20
43162 39760 1137 92491 50938 74677 86426 68645 89848 76815 59314 29776 7093 42865 35463 85581 82920 51686 50115 60101
8052 10
81519 36360 99866 65195 3217 19030 97062 74660 59355 83116
6654 17
82253 4327 5163 72165 27796 56570 68860 18908 4688 63573 10613 31707 61709 78231 56962 40876 42309
2389 16
91690 7786 1489 45793 52238 6548 56611 31000 72406 74749 34830 27543 26050 35865 57672 10523
